1408609238
1231571476
652176186
1595256863
716989724
100003014259015
1663428681
1484063117
1095902725
1113437421
100001981626617
555189846
1282025509
100000751959245
1541409370
1185357063
1297997256
1513271420
1475979005
1532377551
531504053
1552345178
575012474
1048568972
100000582553673
100000695438247
1486376435
100000641996988
1623275317
100000316095780
1328503049
666327766
1437570698
1547022242
672758001
100002133748936
100002151140698
646502543
100001639216058
1075224541
1745601960
1453381816
1179036883
648957902
100006294912971
623764805
723172186
100002144830844
100001586745949
1686766391
1571010196
1508616813
680099861
1515796705
1526670301
694595874
658494575
1731748316
100002597630051
897750098
1539714784
100003131935860
766085549
1404555373
1393352369
100002447883744
100000858456331
1195444587
1424724587
100001373962666
575604614
100000651472379
1346916216
1077138040
100000482383891
100000442973751
651585216
1666223352
1797720215
705771032
1528135224
703915804
100000433766415
1098303282
1717351895
1558276911
100000208751151
1498635154
100000257541129
1659503958
1528826099
100004419210243
100001644732840
1110382705
100000248112924
100000666300821
100000635016978
1187410672
100001624471599
1526231947
642370458
651819101
1538382939
1585125970
768498227
1366526117
1617340089
1388412666
100000569553249
1434465613
1622191196
1424358033
1469799566
1313936837
1499263425
1094426761
606077175
656929221
100003555214947
1591726455
1408401940
1594386863
748771615
509061973
1463412857
691571580
1551173790
1342444465
1417818496
100000581184827
100006016153554
791763800
1568529403
1843226299
1129909612
1628973322
100001214229338
697545734
1607341877
1602417460
598968790
1619460740
1377728291
748963482
100000527614629
1250817911
1039917195
1525221175
1434275477
1602755757
1611201410
100004338640952
100001662339814
1218554096
870195595
1366721509
100001547991101
552782728
1438393252
708004624
100002124233324
100000422736493
100000086307485
1422595987
100000095530970
1354387028
1119256839
532286755
632917120
1565227028
1659943748
1542046872
1411699343
100000346253194
100000283963121
686094791
1377851303
100000523153161
1759784240
708780549
1230679907
100000471291161
1780599935
100002904201228
100002854744801
100004005888609
1277862516
1326189468
647091579
550477980
100004072332236
100000257184730
694545397
1407062063
1372937936
100000231543614
1583371864
1321472902
100001817018452
1316755824
100000830952849
596652907
715273122
1540725124
640288042
100000403926111
1647621958
1416563357
1302730629
100001576031005
1814206413
100002375388238
1240654185
100001065211356
100000377673327
1614127725
1425776972
582508078
1465542499
100007885508656
100000578884673
1216208107
1644908806
10203691774996017
1567274463
1535145889
1654943022
100000548623527
1344921699
529985484
100002965227706
786544417
100000845732145
1414964727
1516252771
1062185308
100000246619166
1146383416
1510208213
1342187375
100001743407623
100000766269068
785366101
1054171618
1464931818
1336043672
539647942
100005008060766
679281828
100002567128043
1473401469
1432429494
1060368596
1618673625
1331863191
1629134712
672628756
1619461521
100001284640381
1467442000
1410131225
1629375284
608193539
100006667627503
805644682
